448 
1 
7 
8 
9 
12 
14 
16 
20 
21 
22 
24 
26 
27 
30 
31 
34 
35 
36 
37 
39 
41 
43 
50 
52 
53 
54 
55 
56 
57 
59 
61 
63 
66 
67 
69 
72 
73 
76 
77 
79 
80 
81 
83 
85 
87 
88 
89 
92 
96 
97 
105 
106 
111 
112 
113 
114 
120 
122 
125 
126 
127 
128 
130 
132 
137 
139 
140 
148 
152 
153 
154 
156 
157 
159 
160 
162 
164 
165 
168 
172 
175 
178 
179 
182 
183 
185 
186 
187 
188 
189 
190 
191 
198 
199 
203 
204 
205 
209 
210 
212 
215 
224 
230 
232 
234 
236 
237 
238 
240 
241 
244 
246 
248 
249 
250 
253 
254 
255 
256 
265 
269 
274 
275 
278 
279 
281 
282 
285 
286 
287 
294 
296 
299 
300 
302 
303 
304 
306 
308 
309 
310 
311 
315 
317 
320 
322 
323 
324 
325 
326 
328 
330 
331 
333 
334 
338 
340 
343 
344 
346 
350 
351 
352 
355 
356 
358 
359 
360 
361 
362 
367 
370 
371 
378 
382 
383 
384 
385 
386 
390 
399 
406 
408 
411 
412 
414 
418 
421 
424 
425 
427 
428 
429 
430 
433 
434 
436 
438 
442 
444 
445 
447 
448 
449 
450 
452 
453 
454 
455 
456 
457 
458 
460 
461 
462 
463 
464 
465 
467 
468 
470 
472 
473 
474 
475 
481 
482 
484 
486 
491 
494 
499 
500 
501 
502 
504 
505 
508 
511 
512 
516 
517 
526 
528 
529 
531 
532 
534 
538 
540 
542 
546 
547 
548 
554 
556 
557 
558 
559 
563 
566 
569 
570 
572 
573 
575 
576 
577 
578 
584 
586 
587 
589 
591 
594 
596 
597 
600 
603 
606 
607 
608 
609 
610 
611 
612 
618 
619 
622 
624 
628 
636 
637 
638 
640 
643 
650 
653 
654 
656 
662 
664 
665 
669 
671 
673 
676 
678 
680 
682 
683 
688 
690 
691 
693 
696 
697 
698 
707 
708 
711 
712 
713 
714 
715 
718 
719 
723 
725 
729 
735 
736 
737 
738 
739 
744 
745 
746 
748 
749 
750 
751 
752 
753 
754 
755 
756 
760 
761 
762 
764 
768 
770 
773 
776 
777 
779 
780 
782 
784 
787 
788 
791 
793 
794 
797 
798 
799 
801 
803 
804 
806 
808 
809 
810 
811 
812 
816 
818 
819 
820 
824 
829 
832 
834 
835 
837 
839 
845 
849 
851 
852 
857 
863 
868 
873 
876 
877 
883 
885 
887 
888 
890 
891 
892 
893 
894 
896 
897 
900 
903 
906 
907 
909 
910 
911 
914 
915 
916 
923 
924 
932 
935 
938 
939 
944 
945 
954 
955 
958 
959 
961 
962 
963 
964 
968 
970 
974 
976 
980 
981 
982 
991 
992 
993 
996 
997 
998 
